['201411023', [0.24, 0.76, 197], [0.47, 0.53, 19], [1.0, 0.0, 38], [0.14, 0.71, 0.0, 0.14, 7], [1], [0, 72, 0, 0]]
['201411085', [0.32, 0.68, 443], [0.63, 0.37, 35], [0.89, 0.11, 79], [0.14, 0.02, 0.46, 0.38, 56], [2], [0, 142, 0, 9]]
['201411130', [0.22, 0.78, 358], [0.71, 0.29, 24], [0.92, 0.08, 63], [0.53, 0.0, 0.16, 0.32, 19], [0], [58, 181, 1, 5]]
['201411153', [0.42, 0.58, 363], [0.43, 0.57, 35], [0.79, 0.21, 47], [0.49, 0.0, 0.49, 0.02, 43], [0], [28, 111, 2, 10]]
['201511020', [0.33, 0.67, 309], [0.83, 0.17, 35], [0.98, 0.02, 51], [0.18, 0.0, 0.41, 0.41, 49], [0], [3, 109, 0, 1]]
['201511057', [0.17, 0.83, 389], [0.62, 0.38, 37], [0.85, 0.15, 82], [0.44, 0.0, 0.04, 0.52, 25], [1], [4, 173, 1, 12]]
['201511080', [0.12, 0.88, 527], [0.53, 0.47, 75], [0.89, 0.11, 72], [0.5, 0.17, 0.08, 0.25, 12], [2], [1, 190, 6, 8]]
['201511153', [0.22, 0.78, 416], [0.54, 0.46, 35], [0.83, 0.17, 70], [0.56, 0.0, 0.06, 0.38, 34], [0], [0, 168, 0, 12]]
['201611074', [0.1, 0.9, 324], [0.38, 0.62, 40], [0.88, 0.12, 65], [0.25, 0.38, 0.19, 0.19, 16], [1], [2, 157, 0, 8]]
['201611104', [0.25, 0.75, 375], [0.58, 0.42, 43], [0.84, 0.16, 62], [0.5, 0.17, 0.06, 0.28, 18], [1], [4, 139, 0, 10]]
['201611155', [0.37, 0.63, 375], [0.55, 0.45, 40], [0.82, 0.18, 56], [0.62, 0.0, 0.0, 0.38, 13], [1], [3, 143, 0, 10]]
['201611161', [0.28, 0.72, 436], [0.53, 0.47, 51], [0.84, 0.16, 64], [0.22, 0.0, 0.45, 0.33, 58], [0], [8, 170, 0, 10]]
['201611172', [0.61, 0.39, 212], [0.7, 0.3, 20], [0.89, 0.11, 36], [0.44, 0.06, 0.0, 0.5, 16], [0], [2, 70, 0, 4]]
['201711036', [0.24, 0.76, 429], [0.65, 0.35, 51], [0.78, 0.22, 79], [0.12, 0.0, 0.32, 0.56, 57], [3], [4, 168, 0, 17]]
['201711084', [0.24, 0.76, 418], [0.62, 0.38, 39], [0.88, 0.12, 81], [0.16, 0.0, 0.3, 0.54, 61], [1], [6, 159, 0, 10]]
['201711091', [0.25, 0.75, 197], [0.69, 0.31, 29], [0.79, 0.21, 33], [0.57, 0.0, 0.14, 0.29, 7], [0], [8, 76, 0, 7]]
['201711094', [0.38, 0.62, 258], [0.43, 0.57, 47], [0.84, 0.16, 56], [0.05, 0.0, 0.0, 0.95, 19], [1], [1, 135, 0, 9]]
['201811004', [0.24, 0.76, 356], [0.48, 0.52, 27], [0.92, 0.08, 79], [0.14, 0.0, 0.35, 0.51, 51], [0], [1, 145, 0, 6]]
['201811017', [0.22, 0.78, 468], [0.71, 0.29, 48], [0.85, 0.15, 72], [0.06, 0.0, 0.55, 0.39, 49], [0], [2, 160, 0, 11]]
['201811032', [0.29, 0.71, 501], [0.55, 0.45, 55], [0.87, 0.13, 83], [0.14, 0.0, 0.35, 0.51, 63], [0], [3, 180, 1, 11]]
['201811034', [0.65, 0.35, 156], [0.48, 0.52, 25], [0.83, 0.17, 29], [0.0, 0.0, 0.0, 1.0, 4], [1], [1, 69, 0, 5]]
['201811046', [0.28, 0.72, 458], [0.21, 0.79, 43], [0.93, 0.07, 103], [0.06, 0.02, 0.42, 0.5, 48], [2], [6, 180, 0, 7]]
['201811048', [0.29, 0.71, 331], [0.63, 0.37, 30], [0.92, 0.08, 63], [0.22, 0.0, 0.39, 0.39, 49], [2], [3, 135, 1, 5]]
['201811054', [0.21, 0.79, 342], [0.51, 0.49, 35], [0.87, 0.13, 67], [0.29, 0.0, 0.11, 0.61, 28], [5], [2, 138, 2, 9]]
['201811075', [0.22, 0.78, 266], [0.58, 0.42, 52], [0.88, 0.12, 66], [0.21, 0.68, 0.0, 0.11, 19], [0], [2, 137, 1, 8]]
['201811076', [0.24, 0.76, 408], [0.85, 0.15, 41], [0.83, 0.17, 46], [0.07, 0.02, 0.44, 0.46, 41], [0], [1, 120, 0, 8]]
['201811087', [0.36, 0.64, 387], [0.42, 0.58, 48], [0.85, 0.15, 62], [0.21, 0.06, 0.38, 0.35, 48], [1], [3, 143, 1, 9]]
['201811090', [0.4, 0.6, 386], [0.76, 0.24, 46], [0.88, 0.12, 83], [0.27, 0.0, 0.0, 0.73, 41], [1], [2, 153, 2, 10]]
['201811098', [0.38, 0.62, 326], [0.47, 0.53, 30], [0.43, 0.57, 61], [0.18, 0.06, 0.35, 0.41, 51], [1], [0, 136, 0, 35]]
['201811103', [0.21, 0.79, 476], [0.46, 0.54, 28], [0.87, 0.13, 55], [0.3, 0.0, 0.32, 0.38, 56], [3], [0, 151, 1, 7]]
['201811105', [0.28, 0.72, 345], [0.41, 0.59, 56], [0.9, 0.1, 84], [0.0, 0.38, 0.12, 0.5, 26], [1], [0, 180, 0, 8]]
['201811121', [0.36, 0.64, 507], [0.32, 0.68, 53], [0.92, 0.08, 88], [0.03, 0.02, 0.31, 0.64, 58], [3], [18, 194, 0, 7]]
['201811125', [0.23, 0.77, 471], [0.25, 0.75, 44], [0.93, 0.07, 82], [0.16, 0.0, 0.38, 0.45, 55], [0], [10, 175, 0, 6]]
['201811140', [0.23, 0.77, 169], [0.47, 0.53, 43], [0.92, 0.08, 66], [0.2, 0.07, 0.0, 0.73, 15], [2], [7, 124, 0, 5]]
['201811141', [0.42, 0.58, 239], [0.39, 0.61, 23], [0.84, 0.16, 37], [0.67, 0.0, 0.0, 0.33, 9], [1], [2, 100, 0, 6]]
['201811143', [0.46, 0.54, 273], [0.59, 0.41, 27], [0.89, 0.11, 54], [0.11, 0.0, 0.51, 0.37, 35], [5], [2, 105, 0, 6]]
['201811145', [0.34, 0.66, 438], [0.57, 0.43, 37], [0.84, 0.16, 70], [0.18, 0.0, 0.32, 0.51, 57], [2], [1, 158, 0, 11]]
['201811146', [0.28, 0.72, 302], [0.82, 0.18, 44], [0.86, 0.14, 49], [0.13, 0.07, 0.0, 0.8, 15], [0], [0, 124, 0, 7]]
['201811147', [0.22, 0.78, 442], [0.45, 0.55, 40], [0.89, 0.11, 83], [0.25, 0.11, 0.28, 0.36, 64], [1], [9, 168, 0, 9]]
['201811148', [0.31, 0.69, 344], [0.68, 0.32, 37], [0.9, 0.1, 62], [0.46, 0.15, 0.0, 0.38, 13], [3], [6, 141, 0, 6]]
['201811157', [0.19, 0.81, 380], [0.47, 0.53, 34], [0.88, 0.12, 67], [0.22, 0.0, 0.4, 0.38, 45], [1], [2, 139, 0, 8]]
['201811172', [0.38, 0.62, 269], [0.5, 0.5, 40], [0.87, 0.13, 53], [0.24, 0.0, 0.4, 0.36, 45], [0], [1, 106, 0, 7]]
['201811181', [0.21, 0.79, 356], [0.52, 0.48, 29], [0.92, 0.08, 92], [0.17, 0.0, 0.41, 0.41, 29], [1], [0, 142, 1, 7]]
['201811191', [0.26, 0.74, 363], [0.59, 0.41, 41], [0.91, 0.09, 75], [0.21, 0.0, 0.11, 0.68, 28], [1], [5, 160, 0, 7]]
['201811193', [0.19, 0.81, 440], [0.77, 0.23, 26], [0.93, 0.07, 55], [0.22, 0.0, 0.06, 0.72, 18], [0], [0, 119, 0, 4]]
['201822019', [0.37, 0.63, 250], [0.48, 0.52, 31], [0.98, 0.02, 41], [0.42, 0.26, 0.0, 0.32, 19], [0], [13, 103, 0, 1]]
['201822021', [0.25, 0.75, 320], [0.48, 0.52, 25], [0.84, 0.16, 63], [0.26, 0.0, 0.05, 0.68, 19], [1], [4, 115, 0, 10]]
['201822022', [0.27, 0.73, 195], [0.56, 0.44, 16], [0.97, 0.03, 39], [0.43, 0.21, 0.0, 0.36, 14], [0], [12, 73, 0, 1]]
['201911000', [0.41, 0.59, 231], [0.68, 0.32, 19], [0.81, 0.19, 43], [0.15, 0.0, 0.33, 0.53, 55], [2], [1, 68, 0, 8]]
['201911002', [0.24, 0.76, 83], [0.24, 0.76, 33], [1.0, 0.0, 11], [1.0, 0.0, 0.0, 0.0, 1], [0], [0, 34, 0, 0]]
['201911005', [0.32, 0.68, 387], [0.57, 0.43, 30], [0.85, 0.15, 68], [0.18, 0.05, 0.32, 0.45, 22], [1], [3, 144, 2, 10]]
['201911006', [0.42, 0.58, 250], [0.53, 0.47, 38], [0.89, 0.11, 56], [0.09, 0.0, 0.0, 0.91, 11], [1], [19, 120, 0, 6]]
['201911008', [0.38, 0.62, 338], [0.61, 0.39, 28], [0.87, 0.13, 63], [0.24, 0.0, 0.18, 0.59, 34], [0], [7, 129, 1, 8]]
['201911009', [0.21, 0.79, 394], [0.64, 0.36, 50], [0.88, 0.12, 74], [0.61, 0.03, 0.0, 0.35, 31], [1], [5, 176, 0, 9]]
['201911010', [0.22, 0.78, 444], [0.48, 0.52, 42], [0.9, 0.1, 81], [0.25, 0.09, 0.36, 0.3, 53], [1], [3, 166, 0, 8]]
['201911012', [0.28, 0.72, 319], [0.51, 0.49, 53], [0.9, 0.1, 68], [0.15, 0.0, 0.42, 0.44, 55], [0], [0, 166, 0, 7]]
['201911013', [0.19, 0.81, 423], [0.7, 0.3, 44], [0.89, 0.11, 100], [0.13, 0.02, 0.38, 0.47, 55], [0], [2, 200, 0, 11]]
['201911015', [0.3, 0.7, 359], [0.61, 0.39, 41], [0.87, 0.13, 70], [0.48, 0.0, 0.06, 0.45, 31], [6], [7, 165, 0, 9]]
['201911018', [0.16, 0.84, 446], [0.45, 0.55, 49], [0.89, 0.11, 61], [0.5, 0.0, 0.31, 0.19, 16], [0], [5, 140, 0, 7]]
['201911020', [0.17, 0.83, 273], [0.41, 0.59, 37], [0.83, 0.17, 46], [0.75, 0.08, 0.0, 0.17, 12], [0], [0, 123, 0, 8]]
['201911021', [0.15, 0.85, 383], [0.65, 0.35, 43], [0.86, 0.14, 72], [0.4, 0.0, 0.02, 0.57, 42], [2], [3, 180, 0, 10]]
['201911022', [0.26, 0.74, 568], [0.31, 0.69, 42], [0.9, 0.1, 78], [0.19, 0.0, 0.46, 0.35, 54], [0], [3, 199, 0, 8]]
['201911024', [0.36, 0.64, 430], [0.4, 0.6, 63], [0.94, 0.06, 120], [0.22, 0.0, 0.37, 0.42, 65], [4], [4, 245, 0, 7]]
['201911025', [0.23, 0.77, 462], [0.46, 0.54, 59], [0.92, 0.08, 95], [0.29, 0.08, 0.29, 0.35, 63], [0], [5, 162, 0, 8]]
['201911029', [0.45, 0.55, 258], [0.33, 0.67, 33], [0.91, 0.09, 57], [0.37, 0.0, 0.0, 0.63, 19], [0], [1, 131, 0, 5]]
['201911031', [0.18, 0.82, 376], [0.2, 0.8, 40], [0.88, 0.12, 68], [0.12, 0.22, 0.03, 0.62, 32], [2], [6, 136, 0, 8]]
['201911033', [0.46, 0.54, 391], [0.37, 0.63, 46], [0.89, 0.11, 76], [0.21, 0.0, 0.06, 0.72, 47], [1], [2, 174, 0, 8]]
['201911034', [0.35, 0.65, 313], [0.5, 0.5, 50], [0.89, 0.11, 63], [0.34, 0.03, 0.07, 0.55, 29], [0], [4, 147, 1, 7]]
['201911035', [0.5, 0.5, 407], [0.29, 0.71, 34], [0.91, 0.09, 66], [0.21, 0.04, 0.18, 0.57, 28], [0], [0, 188, 0, 6]]
['201911037', [0.1, 0.9, 163], [0.63, 0.37, 38], [0.79, 0.21, 28], [0.18, 0.0, 0.0, 0.82, 11], [0], [1, 71, 0, 6]]
['201911038', [0.35, 0.65, 369], [0.6, 0.4, 43], [0.9, 0.1, 61], [0.2, 0.02, 0.46, 0.33, 46], [0], [0, 139, 0, 6]]
['201911039', [0.22, 0.78, 467], [0.57, 0.43, 37], [0.87, 0.13, 76], [0.29, 0.06, 0.27, 0.38, 66], [4], [1, 162, 0, 10]]
['201911040', [0.32, 0.68, 472], [0.65, 0.35, 48], [0.86, 0.14, 83], [0.09, 0.07, 0.45, 0.39, 69], [0], [5, 184, 0, 12]]
['201911041', [0.35, 0.65, 448], [0.34, 0.66, 53], [0.93, 0.07, 69], [0.38, 0.03, 0.19, 0.41, 37], [0], [8, 162, 1, 5]]
['201911042', [0.27, 0.73, 476], [0.56, 0.44, 55], [0.86, 0.14, 79], [0.25, 0.05, 0.0, 0.7, 40], [1], [11, 173, 0, 11]]
['201911043', [0.35, 0.65, 237], [0.48, 0.52, 44], [0.91, 0.09, 57], [0.06, 0.24, 0.18, 0.53, 17], [1], [6, 152, 0, 5]]
['201911044', [0.21, 0.79, 343], [0.44, 0.56, 45], [0.89, 0.11, 73], [0.1, 0.12, 0.43, 0.36, 42], [1], [81, 147, 0, 8]]
['201911045', [0.35, 0.65, 413], [0.62, 0.38, 37], [0.85, 0.15, 59], [0.41, 0.0, 0.0, 0.59, 17], [2], [0, 133, 0, 9]]
['201911047', [0.26, 0.74, 452], [0.47, 0.53, 49], [0.84, 0.16, 90], [0.22, 0.0, 0.29, 0.49, 63], [0], [1, 178, 0, 14]]
['201911049', [0.2, 0.8, 388], [0.63, 0.37, 35], [0.94, 0.06, 62], [0.08, 0.0, 0.72, 0.21, 39], [0], [0, 135, 0, 4]]
['201911050', [0.38, 0.62, 518], [0.48, 0.52, 42], [0.92, 0.08, 138], [0.32, 0.04, 0.08, 0.56, 25], [2], [2, 196, 0, 11]]
['201911051', [0.25, 0.75, 333], [0.71, 0.29, 51], [0.84, 0.16, 61], [0.19, 0.0, 0.13, 0.68, 31], [1], [2, 130, 0, 10]]
['201911054', [0.23, 0.77, 457], [0.49, 0.51, 37], [0.91, 0.09, 99], [0.74, 0.0, 0.04, 0.22, 50], [0], [1, 166, 0, 9]]
['201911055', [0.19, 0.81, 454], [0.56, 0.44, 32], [0.88, 0.12, 74], [0.7, 0.07, 0.15, 0.07, 27], [0], [12, 150, 0, 9]]
['201911056', [0.28, 0.72, 328], [0.38, 0.62, 37], [0.86, 0.14, 69], [0.0, 0.07, 0.0, 0.93, 14], [0], [2, 153, 0, 10]]
['201911058', [0.29, 0.71, 374], [0.53, 0.47, 47], [0.79, 0.21, 62], [0.16, 0.02, 0.13, 0.69, 45], [1], [0, 196, 0, 13]]
['201911059', [0.32, 0.68, 298], [0.71, 0.29, 21], [0.92, 0.08, 63], [0.02, 0.0, 0.43, 0.55, 42], [0], [0, 118, 0, 5]]
['201911061', [0.31, 0.69, 188], [0.73, 0.27, 11], [0.92, 0.08, 36], [0.4, 0.0, 0.0, 0.6, 5], [0], [0, 68, 0, 3]]
['201911062', [0.21, 0.79, 290], [0.57, 0.43, 30], [0.83, 0.17, 41], [0.22, 0.56, 0.0, 0.22, 9], [0], [1, 130, 0, 7]]
['201911063', [0.09, 0.91, 348], [0.55, 0.45, 44], [0.86, 0.14, 77], [0.15, 0.22, 0.0, 0.63, 27], [2], [5, 174, 0, 11]]
['201911065', [0.32, 0.68, 469], [0.49, 0.51, 55], [0.88, 0.12, 76], [0.02, 0.0, 0.34, 0.64, 53], [0], [20, 201, 1, 9]]
['201911066', [0.43, 0.57, 419], [0.66, 0.34, 53], [0.88, 0.12, 76], [0.08, 0.0, 0.0, 0.92, 49], [23], [1, 164, 0, 9]]
['201911067', [0.33, 0.67, 276], [0.43, 0.57, 30], [0.92, 0.08, 76], [0.19, 0.0, 0.44, 0.38, 32], [0], [2, 146, 0, 6]]
['201911071', [0.17, 0.83, 408], [0.5, 0.5, 34], [0.82, 0.18, 61], [0.4, 0.0, 0.48, 0.12, 25], [2], [14, 154, 0, 11]]
['201911072', [0.24, 0.76, 355], [0.39, 0.61, 33], [0.89, 0.11, 62], [0.26, 0.0, 0.0, 0.74, 23], [4], [0, 125, 0, 7]]
['201911074', [0.5, 0.5, 150], [0.33, 0.67, 27], [0.96, 0.04, 25], [0.09, 0.0, 0.0, 0.91, 11], [0], [1, 69, 0, 1]]
['201911076', [0.36, 0.64, 387], [0.44, 0.56, 48], [0.85, 0.15, 74], [0.74, 0.0, 0.0, 0.26, 19], [0], [6, 172, 1, 11]]
['201911077', [0.39, 0.61, 394], [0.36, 0.64, 44], [0.9, 0.1, 68], [0.24, 0.0, 0.09, 0.68, 34], [1], [1, 156, 0, 7]]
['201911078', [0.17, 0.83, 386], [0.38, 0.62, 32], [0.94, 0.06, 71], [0.2, 0.04, 0.0, 0.76, 25], [2], [4, 143, 1, 4]]
['201911079', [0.35, 0.65, 333], [0.5, 0.5, 60], [0.85, 0.15, 62], [0.21, 0.14, 0.0, 0.64, 28], [1], [13, 135, 0, 9]]
['201911080', [0.18, 0.82, 437], [0.21, 0.79, 43], [0.84, 0.16, 90], [0.32, 0.0, 0.46, 0.22, 41], [0], [1, 170, 0, 14]]
['201911081', [0.55, 0.45, 454], [0.54, 0.46, 37], [0.86, 0.14, 78], [0.06, 0.0, 0.0, 0.94, 36], [2], [0, 178, 0, 11]]
['201911082', [0.33, 0.67, 424], [0.44, 0.56, 54], [0.91, 0.09, 89], [0.11, 0.09, 0.34, 0.46, 56], [5], [1, 172, 0, 8]]
['201911084', [0.18, 0.82, 256], [0.53, 0.47, 38], [0.81, 0.19, 48], [0.18, 0.36, 0.27, 0.18, 11], [1], [12, 115, 0, 9]]
['201911085', [0.33, 0.67, 170], [0.74, 0.26, 27], [0.74, 0.26, 39], [0.5, 0.38, 0.0, 0.12, 8], [2], [6, 93, 1, 10]]
['201911087', [0.39, 0.61, 300], [0.6, 0.4, 40], [0.84, 0.16, 56], [0.18, 0.06, 0.18, 0.59, 17], [2], [0, 123, 0, 9]]
['201911088', [0.71, 0.29, 49], [0.42, 0.58, 12], [1.0, 0.0, 7], [0.11, 0.0, 0.11, 0.78, 9], [0], [0, 17, 0, 0]]
['201911089', [0.38, 0.62, 441], [0.49, 0.51, 43], [0.89, 0.11, 83], [0.26, 0.03, 0.13, 0.58, 38], [1], [1, 160, 0, 9]]
['201911091', [0.26, 0.74, 264], [0.45, 0.55, 55], [0.88, 0.12, 56], [0.31, 0.0, 0.04, 0.65, 26], [1], [20, 153, 1, 7]]
['201911092', [0.36, 0.64, 329], [0.6, 0.4, 43], [0.91, 0.09, 87], [0.5, 0.03, 0.09, 0.38, 32], [1], [3, 142, 1, 8]]
['201911093', [0.25, 0.75, 230], [0.33, 0.67, 12], [1.0, 0.0, 10], [1.0, 0.0, 0.0, 0.0, 1], [4], [1, 63, 0, 0]]
['201911094', [0.35, 0.65, 468], [0.67, 0.33, 45], [0.9, 0.1, 72], [0.13, 0.0, 0.4, 0.47, 47], [2], [4, 161, 0, 7]]
['201911096', [0.24, 0.76, 312], [0.17, 0.83, 24], [0.96, 0.04, 55], [0.07, 0.0, 0.42, 0.51, 43], [0], [5, 108, 0, 2]]
['201911099', [0.37, 0.63, 257], [0.38, 0.62, 34], [0.82, 0.18, 65], [0.42, 0.04, 0.0, 0.54, 26], [0], [2, 122, 0, 12]]
['201911100', [0.14, 0.86, 435], [0.53, 0.47, 53], [0.84, 0.16, 87], [0.06, 0.0, 0.38, 0.57, 53], [2], [2, 166, 1, 14]]
['201911101', [0.52, 0.48, 261], [0.48, 0.52, 33], [0.85, 0.15, 53], [0.33, 0.33, 0.0, 0.33, 15], [5], [4, 117, 3, 8]]
['201911102', [0.25, 0.75, 351], [0.69, 0.31, 29], [0.89, 0.11, 61], [0.33, 0.0, 0.09, 0.58, 33], [1], [2, 132, 0, 7]]
['201911103', [0.29, 0.71, 378], [0.29, 0.71, 34], [0.87, 0.13, 69], [0.04, 0.0, 0.42, 0.54, 50], [2], [0, 148, 0, 9]]
['201911104', [0.88, 0.12, 16], [0, 0, 0], [0, 0, 0], [0, 0, 0, 0, 0], [0], [0, 0, 0, 0]]
['201911105', [0.21, 0.79, 317], [0.8, 0.2, 44], [0.86, 0.14, 49], [0.21, 0.0, 0.49, 0.31, 39], [0], [1, 110, 0, 7]]
['201911106', [0.35, 0.65, 355], [0.61, 0.39, 36], [0.87, 0.13, 53], [0.13, 0.05, 0.56, 0.26, 39], [1], [2, 115, 2, 7]]
['201911107', [0.46, 0.54, 180], [0.54, 0.46, 24], [0.92, 0.08, 25], [0.14, 0.0, 0.64, 0.21, 28], [1], [0, 55, 0, 2]]
['201911108', [0.45, 0.55, 371], [0.61, 0.39, 28], [0.9, 0.1, 39], [0.16, 0.0, 0.47, 0.37, 38], [2], [2, 99, 0, 4]]
['201911109', [0.17, 0.83, 430], [0.44, 0.56, 25], [0.89, 0.11, 75], [0.28, 0.0, 0.35, 0.37, 54], [2], [0, 149, 0, 8]]
['201911110', [0.16, 0.84, 344], [0.39, 0.61, 38], [0.89, 0.11, 55], [0.47, 0.0, 0.12, 0.41, 17], [0], [4, 115, 0, 6]]
['201911112', [0.15, 0.85, 486], [0.21, 0.79, 47], [0.94, 0.06, 101], [0.78, 0.12, 0.0, 0.09, 32], [0], [2, 164, 0, 6]]
['201911113', [0.2, 0.8, 362], [0.52, 0.48, 33], [0.88, 0.12, 65], [0.14, 0.0, 0.03, 0.83, 29], [2], [0, 141, 0, 8]]
['201911114', [0.36, 0.64, 417], [0.64, 0.36, 45], [0.86, 0.14, 49], [0.25, 0.15, 0.0, 0.6, 20], [3], [18, 133, 0, 7]]
['201911116', [0.2, 0.8, 239], [0.75, 0.25, 48], [0.82, 0.18, 39], [0.64, 0.0, 0.14, 0.21, 14], [1], [2, 96, 0, 7]]
['201911117', [0.31, 0.69, 457], [0.53, 0.47, 38], [0.87, 0.13, 68], [0.11, 0.0, 0.41, 0.48, 46], [2], [0, 159, 0, 9]]
['201911118', [0.29, 0.71, 442], [0.26, 0.74, 27], [0.88, 0.12, 76], [0.25, 0.16, 0.0, 0.59, 32], [2], [0, 149, 0, 9]]
['201911119', [0.35, 0.65, 375], [0.5, 0.5, 34], [0.92, 0.08, 75], [0.4, 0.07, 0.0, 0.53, 15], [4], [1, 157, 0, 6]]
['201911122', [0.28, 0.72, 542], [0.61, 0.39, 31], [0.89, 0.11, 80], [0.34, 0.02, 0.34, 0.31, 59], [2], [5, 188, 0, 9]]
['201911123', [0.24, 0.76, 392], [0.41, 0.59, 41], [0.9, 0.1, 72], [0.56, 0.03, 0.03, 0.38, 34], [1], [1, 158, 0, 7]]
['201911124', [0.27, 0.73, 291], [0.59, 0.41, 37], [0.89, 0.11, 55], [0.15, 0.0, 0.69, 0.15, 13], [0], [0, 109, 0, 6]]
['201911126', [0.28, 0.72, 294], [0.67, 0.33, 42], [0.92, 0.08, 65], [0.65, 0.29, 0.0, 0.06, 17], [1], [0, 151, 0, 5]]
['201911127', [0.23, 0.77, 269], [0.61, 0.39, 31], [0.85, 0.15, 59], [0.2, 0.13, 0.33, 0.33, 15], [2], [5, 113, 3, 9]]
['201911128', [0.45, 0.55, 364], [0.53, 0.47, 30], [0.88, 0.12, 68], [0.48, 0.04, 0.09, 0.39, 23], [1], [12, 137, 0, 8]]
['201911129', [0.44, 0.56, 198], [0.39, 0.61, 23], [0.82, 0.18, 45], [0.2, 0.0, 0.0, 0.8, 10], [1], [0, 95, 0, 8]]
['201911130', [0.29, 0.71, 173], [0.74, 0.26, 19], [0.92, 0.08, 26], [0.25, 0.5, 0.0, 0.25, 4], [0], [8, 73, 0, 2]]
['201911131', [0.29, 0.71, 430], [0.76, 0.24, 42], [0.83, 0.17, 71], [0.15, 0.0, 0.42, 0.44, 55], [2], [4, 155, 1, 12]]
['201911132', [0.2, 0.8, 391], [0.64, 0.36, 36], [0.88, 0.12, 73], [0.19, 0.04, 0.0, 0.78, 27], [2], [0, 146, 0, 9]]
['201911133', [0.24, 0.76, 440], [0.46, 0.54, 41], [0.89, 0.11, 83], [0.49, 0.0, 0.0, 0.51, 41], [0], [1, 166, 0, 9]]
['201911134', [0.32, 0.68, 306], [0.5, 0.5, 34], [0.88, 0.12, 56], [0.27, 0.0, 0.54, 0.19, 37], [1], [1, 104, 0, 7]]
['201911135', [0.19, 0.81, 320], [0.28, 0.72, 29], [0.92, 0.08, 64], [0.12, 0.0, 0.37, 0.51, 49], [0], [4, 142, 0, 5]]
['201911136', [0.24, 0.76, 407], [0.43, 0.57, 69], [0.88, 0.12, 74], [0.05, 0.0, 0.27, 0.68, 22], [1], [3, 178, 1, 9]]
['201911137', [0.19, 0.81, 479], [0.66, 0.34, 32], [0.87, 0.13, 75], [0.3, 0.0, 0.3, 0.39, 33], [3], [0, 163, 0, 10]]
['201911138', [0.47, 0.53, 281], [0.71, 0.29, 42], [0.86, 0.14, 57], [0.31, 0.0, 0.04, 0.65, 26], [2], [7, 143, 0, 8]]
['201911139', [0.27, 0.73, 329], [0.42, 0.58, 26], [0.92, 0.08, 65], [0.0, 0.0, 0.0, 1.0, 12], [1], [35, 125, 0, 5]]
['201911140', [0.24, 0.76, 393], [0.58, 0.42, 52], [0.9, 0.1, 81], [0.07, 0.05, 0.57, 0.31, 42], [0], [3, 158, 0, 8]]
['201911141', [0.35, 0.65, 407], [0.69, 0.31, 35], [0.88, 0.12, 80], [0.32, 0.0, 0.12, 0.56, 41], [2], [1, 175, 0, 10]]
['201911142', [0.36, 0.64, 340], [0.5, 0.5, 30], [0.9, 0.1, 60], [0.3, 0.0, 0.0, 0.7, 20], [0], [1, 121, 0, 6]]
['201911143', [0.16, 0.84, 380], [0.41, 0.59, 34], [0.92, 0.08, 79], [0.23, 0.0, 0.05, 0.72, 40], [0], [0, 185, 0, 6]]
['201911144', [0.19, 0.81, 302], [0.7, 0.3, 30], [0.86, 0.14, 57], [0.16, 0.0, 0.38, 0.47, 64], [2], [6, 127, 0, 8]]
['201911146', [0.4, 0.6, 144], [0.28, 0.72, 18], [0.89, 0.11, 37], [0.14, 0.0, 0.0, 0.86, 14], [0], [0, 82, 0, 4]]
['201911147', [0.21, 0.79, 468], [0.47, 0.53, 38], [0.87, 0.13, 68], [0.21, 0.0, 0.33, 0.46, 61], [2], [3, 167, 0, 9]]
['201911148', [0.21, 0.79, 378], [0.53, 0.47, 30], [0.82, 0.18, 55], [0.5, 0.0, 0.17, 0.33, 12], [1], [0, 146, 0, 10]]
['201911149', [0.14, 0.86, 437], [0.57, 0.43, 21], [0.86, 0.14, 65], [0.41, 0.06, 0.24, 0.29, 17], [1], [0, 147, 0, 9]]
['201911150', [0.2, 0.8, 451], [0.48, 0.52, 46], [0.81, 0.19, 89], [0.2, 0.3, 0.0, 0.5, 30], [0], [2, 182, 1, 17]]
['201911151', [0.37, 0.63, 210], [0.84, 0.16, 32], [0.76, 0.24, 41], [0.25, 0.0, 0.0, 0.75, 4], [0], [29, 79, 0, 10]]
['201911152', [0.5, 0.5, 110], [0.85, 0.15, 13], [0.94, 0.06, 18], [0, 0, 0, 0, 0], [1], [3, 46, 0, 1]]
['201911153', [0.19, 0.81, 511], [0.33, 0.67, 39], [0.87, 0.13, 63], [0.2, 0.02, 0.38, 0.41, 56], [3], [1, 160, 0, 8]]
['201911154', [0.22, 0.78, 367], [0.42, 0.58, 26], [0.81, 0.19, 68], [0.68, 0.13, 0.0, 0.19, 31], [5], [1, 149, 1, 13]]
['201911155', [0.27, 0.73, 392], [0.61, 0.39, 28], [0.86, 0.14, 72], [0.39, 0.03, 0.13, 0.45, 38], [1], [2, 160, 0, 10]]
['201911156', [0.33, 0.67, 351], [0.55, 0.45, 33], [0.82, 0.18, 62], [0.2, 0.0, 0.1, 0.7, 30], [1], [14, 151, 0, 11]]
['201911157', [0.35, 0.65, 276], [0.85, 0.15, 26], [0.98, 0.02, 44], [0.0, 0.0, 0.14, 0.86, 7], [1], [1, 85, 0, 1]]
['201911159', [0.39, 0.61, 391], [0.61, 0.39, 44], [0.88, 0.12, 66], [0.38, 0.03, 0.56, 0.03, 32], [0], [1, 154, 0, 8]]
['201911160', [0.23, 0.77, 209], [0.45, 0.55, 29], [0.85, 0.15, 48], [0.55, 0.09, 0.0, 0.36, 11], [0], [1, 75, 0, 7]]
['201911162', [0.28, 0.72, 317], [0.62, 0.38, 40], [0.85, 0.15, 74], [0.1, 0.1, 0.33, 0.48, 21], [2], [0, 156, 1, 11]]
['201911163', [0.34, 0.66, 299], [0.62, 0.38, 48], [0.84, 0.16, 58], [0.54, 0.15, 0.0, 0.31, 13], [0], [0, 133, 0, 9]]
['201911164', [0.24, 0.76, 320], [0.63, 0.37, 35], [0.88, 0.12, 59], [0.35, 0.08, 0.15, 0.42, 26], [1], [1, 131, 0, 7]]
['201911166', [0.35, 0.65, 292], [0.36, 0.64, 44], [0.88, 0.12, 68], [0.19, 0.19, 0.12, 0.5, 16], [0], [6, 127, 0, 8]]
['201911168', [0.47, 0.53, 136], [0.78, 0.22, 27], [0.83, 0.17, 35], [0.22, 0.0, 0.67, 0.11, 9], [1], [1, 67, 1, 6]]
['201911170', [0.26, 0.74, 386], [0.45, 0.55, 33], [0.85, 0.15, 67], [0.24, 0.03, 0.0, 0.74, 34], [2], [2, 138, 0, 10]]
['201911171', [0.21, 0.79, 388], [0.43, 0.57, 42], [0.87, 0.13, 75], [0.41, 0.0, 0.18, 0.41, 17], [0], [5, 162, 0, 10]]
['201911174', [0.36, 0.64, 418], [0.81, 0.19, 54], [0.9, 0.1, 87], [0.33, 0.0, 0.08, 0.58, 36], [0], [17, 185, 0, 9]]
['201911175', [0.17, 0.83, 439], [0.61, 0.39, 31], [0.92, 0.08, 95], [0.33, 0.03, 0.35, 0.29, 75], [0], [6, 178, 0, 8]]
['201911176', [0.25, 0.75, 281], [0.65, 0.35, 34], [0.85, 0.15, 67], [0.37, 0.0, 0.2, 0.43, 30], [2], [5, 107, 1, 10]]
['201911178', [0.2, 0.8, 328], [0.56, 0.44, 48], [0.83, 0.17, 72], [0.18, 0.32, 0.07, 0.43, 28], [0], [13, 169, 0, 12]]
['201911179', [0.3, 0.7, 199], [0.69, 0.31, 26], [0.9, 0.1, 31], [0.21, 0.0, 0.0, 0.79, 14], [1], [1, 90, 0, 3]]
['201911180', [0.3, 0.7, 186], [0.48, 0.52, 29], [0.89, 0.11, 36], [0.45, 0.0, 0.09, 0.45, 11], [2], [1, 76, 0, 4]]
['201911182', [0.23, 0.77, 410], [0.62, 0.38, 42], [0.87, 0.13, 67], [0.45, 0.15, 0.15, 0.25, 20], [3], [8, 155, 1, 9]]
['201911183', [0.32, 0.68, 435], [0.79, 0.21, 47], [0.92, 0.08, 86], [0.25, 0.02, 0.34, 0.4, 53], [2], [1, 187, 0, 7]]
['201911185', [0.48, 0.52, 322], [0.71, 0.29, 34], [0.88, 0.12, 49], [0.08, 0.0, 0.0, 0.92, 13], [0], [0, 123, 0, 6]]
['201911186', [0.39, 0.61, 443], [0.48, 0.52, 44], [0.88, 0.12, 66], [0.22, 0.0, 0.36, 0.41, 58], [2], [1, 165, 0, 8]]
['201911187', [0.35, 0.65, 345], [0.48, 0.52, 42], [0.91, 0.09, 57], [0.17, 0.0, 0.46, 0.38, 48], [0], [0, 107, 0, 5]]
['201911188', [0.18, 0.82, 507], [0.54, 0.46, 54], [0.91, 0.09, 89], [0.05, 0.0, 0.41, 0.54, 61], [4], [119, 208, 0, 8]]
['201911189', [0.16, 0.84, 375], [0.42, 0.58, 52], [0.9, 0.1, 88], [0.36, 0.03, 0.12, 0.48, 33], [0], [0, 187, 0, 9]]
